8
 0 0 0 0 0 0
 0 0 0 0 0 232
 121 121 0 233 224 232
 0 0 225 233 224 232
 0 0 225 233 0 0
 0 0 136 136 136 0
4
2 5 3 2
3 2 2 1
4 2 2 2
5 1 2 2
 0 0 132 132 132 0
 0 0 223 0 224 0
 121 121 223 225 224 0
 0 0 0 225 0 0
 0 0 126 126 0 0
 0 0 0 0 0 0
4
2 4 3 2
2 1 2 3
3 2 2 2
4 1 2 3
 222 123 123 0 0 234
 222 0 0 0 0 234
 121 121 225 0 236 234
 0 0 225 0 236 0
 0 137 137 137 236 0
 0 0 0 0 0 0
4
5 0 2 3
4 2 2 1
1 0 4 3
2 2 1 2
 0 0 0 0 0 222
 123 123 224 0 0 222
 121 121 224 0 0 235
 126 126 227 0 0 235
 0 0 227 0 0 235
 0 0 128 128 129 129
5
2 5 3 2
2 3 2 1
2 1 1 1
4 5 3 1
5 2 2 1
 0 222 123 123 224 0
 0 222 225 226 224 0
 121 121 225 226 0 0
 127 127 228 0 0 0
 0 0 228 0 0 0
 0 0 0 129 129 0
4
4 0 2 3
2 0 4 2
3 1 1 1
2 1 1 1
 122 122 0 123 123 0
 0 0 0 224 0 225
 121 121 0 224 0 225
 0 0 236 137 137 137
 128 128 236 0 0 0
 0 0 236 0 0 0
6
2 3 1 3
3 3 3 3
3 1 2 3
5 1 2 3
0 3 4 3
2 0 2 3
 0 0 0 122 122 0
 0 0 0 223 224 235
 0 121 121 223 224 235
 0 0 236 0 0 235
 0 0 236 0 0 0
 0 0 236 137 137 137
6
3 1 2 2
4 1 2 2
1 2 4 2
2 3 1 1
3 5 3 1
5 1 2 2
 0 0 0 0 0 0
 132 132 132 0 233 0
 121 121 0 0 233 224
 0 0 225 226 233 224
 0 0 225 226 127 127
 138 138 138 0 0 0
6
3 3 1 3
2 3 1 1
4 4 3 4
4 1 2 2
5 2 2 2
2 2 2 1